-186675.0
-95279.0
-150996.0
-219561.0
-110730.0
-178605.0
-113734.0
-202229.0
-211652.0
-235720.0
-142033.0
-279369.0
-175566.0
-77040.0
-56972.0
-65799.0
-29694.0
-38697.0
-23398.0
-64401.0
-52168.0
-36543.0
-49661.0
-30350.0
-16652.0
-30573.0
-48855.0
-22877.0
-22667.0
-20987.0
-34286.0
-50971.0
-39802.0
-27414.0
-24407.0
-26576.0
-16600.0
-40125.0
-42602.0
-41293.0
-14810.0
-15415.0
-21185.0
-18734.0
-18369.0
-16325.0
-15905.0
-17817.0
-32292.0
-20019.0
-12829.0
-16657.0
-19807.0
-16219.0
-34909.0
-16260.0
-36022.0
-19294.0
-19334.0
-13883.0
-19657.0
-16549.0
-16065.0
-17784.0
-20714.0
-17456.0
-11713.0
-13335.0
-11076.0
-15931.0
-13524.0
-12468.0
-14808.0
-13806.0
-14132.0
-10240.0
-12307.0
-16291.0
-14907.0
-11487.0
-27423.0
-13147.0
-11171.0
-12892.0
-10285.0
-22809.0
-30923.0
-25469.0
-12569.0
-10869.0
-12061.0
-12358.0
-12425.0
-27846.0
-12517.0
-15298.0
-12906.0
-13366.0
-28816.0
-15636.0
