302086
174427
244079
320305
195287
272588
189921
317940
338907
356321
233400
407549
286743
145406
101685
116968
75654
89888
64281
133500
111732
94430
131369
73994
43741
83108
105614
56531
61248
64266
89964
109336
83035
68192
60601
95106
43670
89163
105401
128416
40316
40810
53235
48997
51732
45209
42841
48637
96167
55999
36800
42946
56635
47117
111308
47418
108886
58684
52089
42842
79738
49223
45745
46016
54610
50876
33488
35778
30194
56555
38436
39086
44707
40523
41280
30302
37126
44255
43673
35226
82820
44107
35973
36390
31716
65690
77642
58260
36377
35010
32719
35208
34064
77224
37957
44694
35019
34800
83407
37109
