55.94185185185185
32.30129629629629
45.199814814814815
59.31574074074074
36.16425925925926
50.47925925925926
35.17055555555555
58.87777777777778
62.760555555555555
65.98537037037038
43.22222222222222
75.47203703703704
53.10055555555556
26.92703703703704
18.830555555555556
21.660740740740742
14.01
16.645925925925926
11.903888888888888
24.72222222222222
20.691111111111113
17.487037037037037
24.32759259259259
13.702592592592593
8.100185185185186
15.39037037037037
19.55814814814815
10.468703703703703
11.342222222222222
11.901111111111112
16.66
20.247407407407408
15.376851851851852
12.628148148148147
11.222407407407408
17.612222222222222
8.087037037037037
16.511666666666667
19.518703703703704
23.78074074074074
7.465925925925926
7.557407407407408
9.858333333333333
9.073518518518519
9.58
8.372037037037037
7.933518518518518
9.006851851851852
17.808703703703703
10.370185185185186
6.814814814814815
7.952962962962963
10.487962962962962
8.72537037037037
20.61259259259259
8.78111111111111
20.164074074074072
10.867407407407407
9.64611111111111
7.933703703703704
14.766296296296296
9.115370370370371
8.471296296296297
8.521481481481482
10.112962962962962
9.421481481481482
6.201481481481482
6.625555555555556
5.591481481481481
10.473148148148148
7.1177777777777775
7.238148148148148
8.279074074074074
7.50425925925926
7.644444444444445
5.611481481481482
6.8751851851851855
8.19537037037037
8.087592592592593
6.523333333333333
15.337037037037037
8.167962962962964
6.661666666666667
6.738888888888889
5.873333333333333
12.164814814814815
14.378148148148147
10.78888888888889
6.736481481481482
6.483333333333333
6.059074074074074
6.52
6.308148148148148
14.300740740740741
7.0290740740740745
8.276666666666667
6.485
6.444444444444445
15.44574074074074
6.872037037037037
