27.913333333333334
42.70074074074074
31.44388888888889
47.70518518518519
25.45722222222222
23.743148148148148
23.032222222222224
27.880370370370372
29.26425925925926
28.73
32.182037037037034
28.45777777777778
32.00370370370371
25.43425925925926
20.253888888888888
14.911296296296296
13.144444444444444
11.979444444444445
17.71351851851852
18.534814814814816
16.015185185185185
22.147222222222222
34.48462962962963
15.497777777777777
13.05537037037037
10.962407407407408
14.264259259259259
14.597592592592592
13.088148148148148
14.200185185185186
19.20074074074074
7.572777777777778
11.802777777777777
12.659074074074073
9.097037037037037
18.496111111111112
10.007592592592593
13.392222222222221
11.37574074074074
18.055925925925926
8.520555555555555
10.755555555555556
9.978333333333333
7.133148148148148
8.134074074074075
8.84037037037037
7.167777777777777
6.272037037037037
9.14074074074074
10.187962962962963
6.0670370370370375
6.602962962962963
6.858333333333333
6.376666666666667
16.424814814814816
8.770185185185186
14.798703703703703
8.372222222222222
8.108888888888888
6.796111111111111
12.235925925925926
7.225185185185185
6.12962962962963
6.722037037037037
6.220185185185185
7.383333333333334
4.736851851851852
5.1503703703703705
4.983888888888889
5.82037037037037
5.600185185185185
5.342407407407407
6.272407407407408
4.5035185185185185
3.6703703703703705
5.307222222222222
4.812037037037037
5.57574074074074
4.927037037037037
4.226481481481481
9.235185185185186
6.286111111111111
4.830555555555556
6.265185185185185
5.123888888888889
6.705925925925926
8.967777777777778
6.404629629629629
4.506296296296297
4.677407407407407
6.057777777777778
5.37962962962963
4.814629629629629
9.772222222222222
4.453518518518519
4.509444444444444
4.812777777777778
4.848148148148148
10.83925925925926
4.211111111111111
