150732
230584
169797
257608
137469
128213
124374
150554
158027
155142
173783
153672
172820
137345
109371
80521
70980
64689
95653
100088
86482
119595
186217
83688
70499
59197
77027
78827
70676
76681
103684
40893
63735
68359
49124
99879
54041
72318
61429
97502
46011
58080
53883
38519
43924
47738
38706
33869
49360
55015
32762
35656
37035
34434
88694
47359
79913
45210
43788
36699
66074
39016
33100
36299
33589
39870
25579
27812
26913
31430
30241
28849
33871
24319
19820
28659
25985
30109
26606
22823
49870
33945
26085
33832
27669
36212
48426
34585
24334
25258
32712
29050
25999
52770
24049
24351
25989
26180
58532
22740
