-70675.0
-139009.0
-100417.0
-160911.0
-81987.0
-68010.0
-56959.0
-80470.0
-78884.0
-79678.0
-88720.0
-76023.0
-93300.0
-76613.0
-54389.0
-37071.0
-34502.0
-22538.0
-46057.0
-47514.0
-31704.0
-51318.0
-107342.0
-32283.0
-33757.0
-20468.0
-31020.0
-34622.0
-27722.0
-33963.0
-45562.0
-17291.0
-23148.0
-26754.0
-16910.0
-37281.0
-19596.0
-31604.0
-23440.0
-35017.0
-18116.0
-20440.0
-17821.0
-12285.0
-14892.0
-16527.0
-15594.0
-11519.0
-14651.0
-20003.0
-9717.0
-10700.0
-13267.0
-12263.0
-30687.0
-14651.0
-20165.0
-14256.0
-12222.0
-12037.0
-18793.0
-11621.0
-9561.0
-13807.0
-10666.0
-11061.0
-8118.0
-9368.0
-8352.0
-10134.0
-9000.0
-8404.0
-10027.0
-7039.0
-6675.0
-8762.0
-9301.0
-8782.0
-8904.0
-6830.0
-13235.0
-9534.0
-8037.0
-8590.0
-7771.0
-10166.0
-12477.0
-11768.0
-7833.0
-7485.0
-10714.0
-8174.0
-8282.0
-14603.0
-7226.0
-7480.0
-6858.0
-7156.0
-14522.0
-6601.0
