193.591
199.347
189.808
220.7935
188.03
168.4775
183.3265
167.821
185.828
198.196
214.4465
178.8925
186.051
219.476
188.827
203.499
180.6735
202.6725
181.2365
210.059
220.3215
228.1425
228.4595
231.4705
209.9995
197.0665
244.8745
194.0415
215.2925
244.1455
246.8775
222.019
229.823
142.406
142.353
179.1305
157.2045
164.9585
178.215
194.763
145.192
153.7725
127.0845
145.986
155.0115
144.619
139.337
138.205
176.894
155.882
137.7525
137.976
143.5495
135.2515
158.1955
145.7075
190.806
149.1225
131.617
113.0605
161.925
139.68
151.8035
134.5715
132.223
128.4695
128.7185
111.8425
106.027
153.32
125.4945
130.063
138.53
129.4325
110.629
125.817
131.4125
107.136
123.35
114.4585
136.9965
132.335
106.3485
127.1965
108.4715
143.7135
131.8205
141.4755
114.751
118.71
127.182
139.086
116.5535
145.386
118.177
114.0895
108.3525
120.2605
147.069
102.899
