-264470.0
-265808.0
-259295.0
-346588.0
-260505.0
-199108.0
-228335.0
-218937.0
-238534.0
-281133.0
-313409.0
-222575.0
-273115.0
-314563.0
-251021.0
-241157.0
-215001.0
-241933.0
-211037.0
-270938.0
-305475.0
-329454.0
-299917.0
-298149.0
-291499.0
-268393.0
-356841.0
-253085.0
-311450.0
-348032.0
-345519.0
-274482.0
-332563.0
-157550.0
-147040.0
-202893.0
-179839.0
-204684.0
-181453.0
-224374.0
-171745.0
-168693.0
-123455.0
-170136.0
-169171.0
-162077.0
-146644.0
-148658.0
-206668.0
-193495.0
-152779.0
-143216.0
-151907.0
-137528.0
-156866.0
-141217.0
-200957.0
-154716.0
-128152.0
-91134.0
-175336.0
-135711.0
-144622.0
-128714.0
-134716.0
-120497.0
-126422.0
-102252.0
-94950.0
-154766.0
-116175.0
-124176.0
-147438.0
-117014.0
-103857.0
-120326.0
-124072.0
-98081.0
-122487.0
-126014.0
-120626.0
-120257.0
-98199.0
-121084.0
-96529.0
-138414.0
-122223.0
-136566.0
-111658.0
-121054.0
-121573.0
-143206.0
-108375.0
-154730.0
-120206.0
-102207.0
-89107.0
-117882.0
-136317.0
-93673.0
