387182
398694
379616
441587
376060
336955
366653
335642
371656
396392
428893
357785
372102
438952
377654
406998
361347
405345
362473
420118
440643
456285
456919
462941
419999
394133
489749
388083
430585
488291
493755
444038
459646
284812
284706
358261
314409
329917
356430
389526
290384
307545
254169
291972
310023
289238
278674
276410
353788
311764
275505
275952
287099
270503
316391
291415
381612
298245
263234
226121
323850
279360
303607
269143
264446
256939
257437
223685
212054
306640
250989
260126
277060
258865
221258
251634
262825
214272
246700
228917
273993
264670
212697
254393
216943
287427
263641
282951
229502
237420
254364
278172
233107
290772
236354
228179
216705
240521
294138
205798
