46.68518518518518
33.11907407407407
37.867592592592594
38.35907407407407
26.93888888888889
30.89388888888889
31.38425925925926
20.357407407407408
20.669814814814814
31.384074074074075
21.285925925925927
18.259814814814813
28.523333333333333
35.882222222222225
16.93888888888889
20.68166666666667
13.201666666666666
22.563148148148148
17.46148148148148
10.972592592592592
23.78925925925926
26.225
24.839074074074073
16.66462962962963
14.87962962962963
14.233518518518519
17.199444444444445
16.772962962962964
14.643333333333333
16.69796296296296
17.727592592592593
16.930185185185184
11.654444444444444
10.803888888888888
7.792222222222223
21.20388888888889
11.031851851851853
13.202962962962962
11.127037037037036
23.16574074074074
10.671111111111111
9.305925925925926
9.399814814814814
10.315740740740742
11.355
9.210740740740741
7.12462962962963
9.854259259259258
10.465925925925927
10.641666666666667
9.136296296296296
6.739074074074074
8.739074074074074
9.48537037037037
17.51851851851852
8.065555555555555
13.372592592592593
13.005185185185185
6.390185185185185
7.811296296296296
17.65222222222222
9.23462962962963
6.761666666666667
6.687037037037037
7.82037037037037
5.131666666666667
6.269629629629629
6.041111111111111
6.131851851851851
7.652037037037037
6.012407407407407
6.221666666666667
9.19462962962963
6.722222222222222
6.172777777777778
5.328888888888889
4.78462962962963
6.197037037037037
5.707592592592593
5.943333333333333
10.291296296296297
6.477962962962963
6.516481481481481
5.344074074074074
6.640925925925926
12.168333333333333
10.26962962962963
5.725185185185185
4.778333333333333
4.597962962962963
5.158333333333333
6.094814814814815
4.90537037037037
11.017037037037037
5.163703703703704
5.352407407407408
5.1433333333333335
4.926111111111111
10.17
5.7209259259259255
