-154485.0
-104815.0
-112657.0
-118106.0
-84316.0
-92243.0
-96687.0
-64906.0
-49424.0
-89116.0
-58665.0
-46686.0
-87654.0
-110004.0
-41704.0
-65670.0
-29185.0
-59322.0
-38406.0
-20821.0
-71734.0
-66458.0
-54689.0
-39944.0
-40185.0
-27536.0
-43867.0
-41376.0
-33796.0
-32895.0
-44400.0
-41824.0
-22642.0
-23177.0
-16792.0
-38577.0
-24138.0
-24870.0
-19719.0
-58740.0
-26476.0
-16995.0
-19704.0
-22549.0
-25002.0
-16374.0
-13392.0
-16318.0
-18744.0
-21054.0
-19657.0
-13513.0
-17380.0
-15590.0
-34099.0
-16746.0
-19855.0
-27415.0
-13827.0
-13876.0
-43291.0
-16336.0
-12256.0
-12883.0
-15358.0
-10096.0
-10237.0
-10764.0
-11617.0
-12324.0
-10633.0
-12049.0
-17810.0
-12815.0
-11488.0
-10239.0
-9427.0
-10341.0
-10956.0
-11286.0
-17337.0
-13013.0
-10369.0
-9236.0
-12193.0
-19100.0
-14651.0
-10035.0
-10160.0
-8460.0
-7968.0
-8542.0
-11574.0
-14220.0
-8792.0
-11004.0
-9231.0
-8792.0
-13816.0
-9744.0
