252100
178843
204485
207139
145470
166827
169475
109930
111617
169474
114944
98603
154026
193764
91470
111681
71289
121841
94292
59252
128462
141615
134131
89989
80350
76861
92877
90574
79074
90169
95729
91423
62934
58341
42078
114501
59572
71296
60086
125095
57624
50252
50759
55705
61317
49738
38473
53213
56516
57465
49336
36391
47191
51221
94600
43554
72212
70228
34507
42181
95322
49867
36513
36110
42230
27711
33856
32622
33112
41321
32467
33597
49651
36300
33333
28776
25837
33464
30821
32094
55573
34981
35189
28858
35861
65709
55456
30916
25803
24829
27855
32912
26489
59492
27884
28903
27774
26601
54918
30893
