11.623703703703704
8.981851851851852
13.396296296296295
16.76574074074074
18.239074074074075
8.437777777777777
11.916851851851852
12.46537037037037
9.696851851851852
14.384814814814815
11.434814814814814
9.57074074074074
16.12148148148148
8.642777777777777
12.591666666666667
9.167962962962964
6.956851851851852
9.880185185185185
10.570555555555556
10.072962962962963
7.983888888888889
10.28111111111111
19.15685185185185
7.905185185185185
8.412592592592592
9.622777777777777
8.96425925925926
7.33462962962963
7.361296296296296
8.742962962962963
7.47
7.813888888888889
5.484259259259259
9.869444444444444
9.830185185185185
16.32925925925926
8.234074074074075
5.817962962962963
6.570185185185185
13.872777777777777
5.1829629629629625
6.593518518518518
6.347222222222222
4.7122222222222225
5.974259259259259
5.588148148148148
4.619814814814815
4.491481481481482
5.345555555555555
4.834444444444444
4.758148148148148
6.719444444444444
4.9255555555555555
4.3731481481481485
10.299074074074074
7.176851851851852
13.422962962962963
4.889444444444444
4.630925925925926
6.630740740740741
12.547407407407407
4.623333333333333
4.515555555555555
5.217592592592593
5.141851851851852
3.6044444444444443
3.564074074074074
3.628888888888889
3.196296296296296
7.156666666666666
3.545925925925926
4.0942592592592595
4.335740740740741
3.0701851851851854
2.7696296296296294
3.691851851851852
2.908148148148148
4.527592592592592
3.919814814814815
3.450740740740741
7.1957407407407405
5.014814814814815
3.889074074074074
3.4207407407407406
3.5951851851851853
8.611666666666666
7.998518518518519
3.609814814814815
2.9031481481481483
3.478148148148148
3.785925925925926
3.157962962962963
3.0344444444444445
6.672037037037037
2.6437037037037037
3.42
2.5616666666666665
3.1818518518518517
8.34962962962963
2.6724074074074076
