-26675.0
-18787.0
-27982.0
-37490.0
-53700.0
-20989.0
-27446.0
-31251.0
-18469.0
-34618.0
-25825.0
-18377.0
-42348.0
-20810.0
-25776.0
-21086.0
-15339.0
-19940.0
-22642.0
-21356.0
-18212.0
-21212.0
-37483.0
-15938.0
-16653.0
-19891.0
-17693.0
-15939.0
-16424.0
-15632.0
-14461.0
-17402.0
-12780.0
-20828.0
-19605.0
-31327.0
-18074.0
-11429.0
-13484.0
-27973.0
-10588.0
-13649.0
-13517.0
-10126.0
-11798.0
-12153.0
-9970.0
-8861.0
-10094.0
-10118.0
-10259.0
-11853.0
-10137.0
-8441.0
-21454.0
-14275.0
-22721.0
-8691.0
-8710.0
-12261.0
-24835.0
-9702.0
-8551.0
-10025.0
-9944.0
-6465.0
-7233.0
-7521.0
-6660.0
-10578.0
-7035.0
-6050.0
-9107.0
-5652.0
-6002.0
-6525.0
-5946.0
-7582.0
-6967.0
-6015.0
-12722.0
-7815.0
-6723.0
-6502.0
-5860.0
-14473.0
-12778.0
-5980.0
-5337.0
-6520.0
-7443.0
-5770.0
-5406.0
-10179.0
-4766.0
-5794.0
-4948.0
-5777.0
-10931.0
-4413.0
