62768
48502
72340
90535
98491
45564
64351
67313
52363
77678
61748
51682
87056
46671
67995
49507
37567
53353
57081
54394
43113
55518
103447
42688
45428
51963
48407
39607
39751
47212
40338
42195
29615
53295
53083
88178
44464
31417
35479
74913
27988
35605
34275
25446
32261
30176
24947
24254
28866
26106
25694
36285
26598
23615
55615
38755
72484
26403
25007
35806
67756
24966
24384
28175
27766
19464
19246
19596
17260
38646
19148
22109
23413
16579
14956
19936
15704
24449
21167
18634
38857
27080
21001
18472
19414
46503
43192
19493
15677
18782
20444
17053
16386
36029
14276
18468
13833
17182
45088
14431
