-116480.0
-125576.0
-91470.0
-79583.0
-78407.0
-54236.0
-67617.0
-66198.0
-92325.0
-89455.0
-79645.0
-114693.0
-113162.0
-50328.0
-43984.0
-34255.0
-33587.0
-99322.0
-43504.0
-28642.0
-49809.0
-52535.0
-73936.0
-43912.0
-37147.0
-44602.0
-37831.0
-31367.0
-41392.0
-29111.0
-28622.0
-15873.0
-28752.0
-30602.0
-48900.0
-37455.0
-36860.0
-37345.0
-23873.0
-38683.0
-16789.0
-21164.0
-25286.0
-23761.0
-56086.0
-22317.0
-28778.0
-20480.0
-26146.0
-42328.0
-391118.0
-337125.0
-346473.0
-347704.0
-521358.0
-298884.0
-546332.0
-507849.0
-394106.0
-441280.0
-399145.0
-388336.0
-458847.0
-464482.0
-480592.0
-364837.0
-533099.0
-458152.0
-521385.0
-491267.0
-554234.0
-664997.0
-532794.0
-615221.0
-879688.0
-984224.0
-588084.0
-643768.0
-655436.0
-718730.0
-822640.0
-1253870.0
-1112138.0
-1143817.0
-1340068.0
-1217835.0
-1469100.0
-1252637.0
-1545356.0
-1120385.0
-1540663.0
-1686772.0
-1672875.0
-1782647.0
-2100199.0
-1991442.0
-1865922.0
-2255367.0
-2724475.0
-2480636.0
