182254
229180
156334
149026
142161
122661
135684
123321
180963
163314
155341
218869
199859
107497
98632
76535
78570
193718
98944
70619
102500
124429
161784
104972
90897
105261
86373
76839
80694
65617
75145
40418
64075
65465
92246
102035
79535
76387
65771
110203
42607
54889
63605
59997
100868
56531
61704
51504
70349
92994
490577
410208
444738
457633
679840
382501
720409
600327
502662
561631
540330
466510
554463
573281
636905
469237
627729
594278
659468
619764
648863
826045
701636
741986
1044508
1147471
759547
808515
801634
880899
1024506
1399611
1297731
1392716
1560506
1460678
1726512
1433641
1713555
1301485
1734889
1849392
1881170
1913909
2240762
2099400
1971718
2362477
2759878
2503590
