33.75074074074074
42.44074074074074
28.95074074074074
27.597407407407406
26.32611111111111
22.715
25.126666666666665
22.837222222222223
33.51166666666666
30.243333333333332
28.76685185185185
40.5312962962963
37.010925925925925
19.90685185185185
18.265185185185185
14.173148148148147
14.55
35.873703703703704
18.32296296296296
13.077592592592593
18.98148148148148
23.042407407407406
29.96
19.43925925925926
16.83277777777778
19.49277777777778
15.995
14.229444444444445
14.943333333333333
12.151296296296296
13.915740740740741
7.484814814814815
11.86574074074074
12.123148148148148
17.082592592592594
18.89537037037037
14.728703703703705
14.145740740740742
12.179814814814815
20.407962962962962
7.890185185185185
10.16462962962963
11.778703703703703
11.110555555555555
18.679259259259258
10.468703703703703
11.426666666666666
9.537777777777778
13.027592592592592
17.22111111111111
90.84759259259259
75.96444444444444
82.35888888888888
84.74685185185186
125.8962962962963
70.83351851851852
133.40907407407408
111.17166666666667
93.08555555555556
104.00574074074073
100.06111111111112
86.39074074074074
102.67833333333333
106.16314814814815
117.94537037037037
86.89574074074073
116.2461111111111
110.05148148148149
122.1237037037037
114.77111111111111
120.15981481481481
152.9712962962963
129.93259259259258
137.4048148148148
193.4274074074074
212.49462962962963
140.65685185185185
149.725
148.45074074074074
163.12944444444443
189.72333333333333
259.1872222222222
240.32055555555556
257.91037037037034
288.9825925925926
270.4959259259259
319.72444444444443
265.4890740740741
317.325
241.01574074074074
321.27574074074073
342.48
348.3648148148148
354.4275925925926
414.95592592592595
388.77777777777777
365.13296296296295
437.49574074074076
511.0885185185185
463.6277777777778
