4.514259259259259
8.341666666666667
6.1812962962962965
4.522777777777778
5.073333333333333
4.135555555555555
4.6338888888888885
3.187962962962963
8.19425925925926
3.462222222222222
5.648703703703704
5.438518518518518
6.067962962962963
4.292777777777777
4.600925925925926
3.4953703703703702
3.295185185185185
4.461666666666667
3.709814814814815
3.1883333333333335
7.0690740740740745
2.475
10.98
11.853703703703705
4.286296296296296
3.9451851851851854
4.13
2.997777777777778
3.941851851851852
2.667962962962963
2.8885185185185187
4.982037037037037
9.75
4.647777777777778
5.628148148148148
7.605185185185185
22.35351851851852
5.339444444444444
6.333888888888889
3.1603703703703703
4.183888888888889
2.723148148148148
2.4501851851851852
3.4324074074074074
2.5137037037037038
2.8222222222222224
11.563703703703704
8.322962962962963
3.33462962962963
3.0681481481481483
3.164814814814815
25.226111111111113
8.225925925925926
4.548333333333333
37.60166666666667
4.017962962962963
2.647962962962963
17.83425925925926
4.231111111111111
9.55425925925926
16.220555555555556
5.3875925925925925
4.149444444444445
13.744814814814815
25.51
37.40537037037037
4.738148148148148
4.07037037037037
26.786296296296296
4.992592592592593
10.58
2.77
22.23777777777778
23.799074074074074
9.693703703703704
11.675925925925926
28.121296296296297
5.217407407407407
19.76074074074074
21.031666666666666
15.452222222222222
29.560555555555556
6.596851851851852
76.85407407407408
7.816666666666666
48.02407407407407
53.79611111111111
66.31351851851852
12.203333333333333
100.46148148148148
3.2496296296296294
132.27333333333334
24.249074074074073
19.378888888888888
23.718333333333334
43.47814814814815
136.71148148148148
76.24
181.14555555555555
194.47703703703704
