24377
45045
33379
24423
27396
22332
25023
17215
44249
18696
30503
29368
32767
23181
24845
18875
17794
24093
20033
17217
38173
13365
59292
64010
23146
21304
22302
16188
21286
14407
15598
26903
52650
25098
30392
41068
120709
28833
34203
17066
22593
14705
13231
18535
13574
15240
62444
44944
18007
16568
17090
136221
44420
24561
203049
21697
14299
96305
22848
51593
87591
29093
22407
74222
137754
201989
25586
21980
144646
26960
57132
14958
120084
128515
52346
63050
151855
28174
106708
113571
83442
159627
35623
415012
42210
259330
290499
358093
65898
542492
17548
714276
130945
104646
128079
234782
738242
411696
978186
1050176
