-14878.0
-31723.0
-22093.0
-14452.0
-16284.0
-13867.0
-15282.0
-9770.0
-30446.0
-11589.0
-21203.0
-19773.0
-22886.0
-14583.0
-16088.0
-12003.0
-10726.0
-14768.0
-13001.0
-10856.0
-26018.0
-7364.0
-45564.0
-49807.0
-15088.0
-13542.0
-15340.0
-9717.0
-14042.0
-8583.0
-9438.0
-19053.0
-40824.0
-17741.0
-21605.0
-29080.0
-102348.0
-20445.0
-23942.0
-8887.0
-14445.0
-7814.0
-7772.0
-11259.0
-7793.0
-9469.0
-47654.0
-34452.0
-11350.0
-10032.0
-9982.0
-112715.0
-31527.0
-16038.0
-176457.0
-14088.0
-8744.0
-79986.0
-14499.0
-38075.0
-68976.0
-20183.0
-14780.0
-57512.0
-122864.0
-162970.0
-17972.0
-14203.0
-119071.0
-18916.0
-44422.0
-9773.0
-100572.0
-103660.0
-41555.0
-50779.0
-128661.0
-20234.0
-84984.0
-94627.0
-68558.0
-137840.0
-25837.0
-373102.0
-30224.0
-213981.0
-247570.0
-333463.0
-55535.0
-496444.0
-11411.0
-660639.0
-114627.0
-86654.0
-113768.0
-207967.0
-704846.0
-356197.0
-955120.0
-1037514.0
