237950
273794
312924
218713
205357
146753
199787
140166
171232
170930
136512
122727
113402
76228
160372
86126
92157
98504
89395
90291
74154
90417
113080
59262
62867
94201
53922
56085
96633
66013
75336
48699
71110
63132
47585
77629
67052
67551
78191
122664
60792
49516
49490
47696
50922
31776
37456
39576
66728
53596
39978
46746
34498
37646
102636
49134
92558
42410
36235
40942
87176
43910
29135
33029
32966
41037
44238
33139
28171
30338
35733
40205
43821
33833
26319
29981
31927
35000
38065
24400
56950
29462
32211
32310
31005
80754
50375
29349
30720
24513
32170
31044
28372
74241
22526
27535
26493
27064
80364
28866
