-134908.0
-161167.0
-198541.0
-124476.0
-117049.0
-86292.0
-114203.0
-67695.0
-90957.0
-103008.0
-65501.0
-56425.0
-61234.0
-37913.0
-97084.0
-38574.0
-53856.0
-45493.0
-37363.0
-32108.0
-28800.0
-41750.0
-41296.0
-23882.0
-24607.0
-35913.0
-18863.0
-18638.0
-43061.0
-23774.0
-30687.0
-15521.0
-23975.0
-24617.0
-17223.0
-24887.0
-24112.0
-25876.0
-33047.0
-46328.0
-22769.0
-14958.0
-18294.0
-19416.0
-15714.0
-10844.0
-12535.0
-13784.0
-19426.0
-18045.0
-13873.0
-17249.0
-11252.0
-11206.0
-31589.0
-13443.0
-24195.0
-11855.0
-11294.0
-12797.0
-24982.0
-12089.0
-8654.0
-9409.0
-9571.0
-10601.0
-16023.0
-10178.0
-9606.0
-10149.0
-12026.0
-11931.0
-11687.0
-9745.0
-7916.0
-10251.0
-9516.0
-9894.0
-10945.0
-7715.0
-15153.0
-8526.0
-8370.0
-8877.0
-8617.0
-20566.0
-12296.0
-7888.0
-9230.0
-7436.0
-8556.0
-8725.0
-7858.0
-15172.0
-6591.0
-8139.0
-7592.0
-8204.0
-24994.0
-8313.0
