44.06481481481482
50.702592592592595
57.94888888888889
40.50240740740741
38.029074074074074
27.17648148148148
36.99759259259259
25.956666666666667
31.709629629629628
31.653703703703705
25.28
22.727222222222224
21.00037037037037
14.116296296296296
29.69851851851852
15.949259259259259
17.066111111111113
18.241481481481483
16.55462962962963
16.720555555555556
13.732222222222223
16.74388888888889
20.94074074074074
10.974444444444444
11.642037037037037
17.44462962962963
9.985555555555555
10.386111111111111
17.895
12.22462962962963
13.95111111111111
9.018333333333333
13.16851851851852
11.69111111111111
8.812037037037037
14.37574074074074
12.417037037037037
12.509444444444444
14.479814814814814
22.715555555555557
11.257777777777777
9.169629629629629
9.164814814814815
8.832592592592592
9.43
5.884444444444444
6.936296296296296
7.328888888888889
12.357037037037037
9.925185185185185
7.403333333333333
8.656666666666666
6.388518518518518
6.971481481481481
19.006666666666668
9.098888888888888
17.14037037037037
7.853703703703704
6.7101851851851855
7.581851851851852
16.143703703703704
8.131481481481481
5.395370370370371
6.116481481481482
6.104814814814815
7.599444444444444
8.192222222222222
6.136851851851852
5.216851851851852
5.618148148148149
6.617222222222222
7.44537037037037
8.115
6.265370370370371
4.873888888888889
5.552037037037037
5.912407407407407
6.481481481481482
7.049074074074074
4.518518518518518
10.546296296296296
5.455925925925926
5.965
5.983333333333333
5.741666666666666
14.954444444444444
9.328703703703704
5.435
5.688888888888889
4.539444444444444
5.957407407407407
5.748888888888889
5.254074074074074
13.748333333333333
4.171481481481481
5.099074074074074
4.9061111111111115
5.011851851851852
14.882222222222222
5.345555555555555
