-155994.0
-171715.0
-191913.0
-119821.0
-117062.0
-57728.0
-98701.0
-84168.0
-78045.0
-71381.0
-38738.0
-45782.0
-64605.0
-37949.0
-45379.0
-54651.0
-52630.0
-60296.0
-19577.0
-49181.0
-39071.0
-72872.0
-127185.0
-43838.0
-34497.0
-29804.0
-40451.0
-26870.0
-30007.0
-40678.0
-36999.0
-41761.0
-20442.0
-33512.0
-22966.0
-34394.0
-27709.0
-24505.0
-38796.0
-43745.0
-17713.0
-21262.0
-36565.0
-33459.0
-17543.0
-21764.0
-27801.0
-32951.0
-26606.0
-24357.0
-20697.0
-33754.0
-24412.0
-26308.0
-35788.0
-18030.0
-67687.0
-24194.0
-17197.0
-15419.0
-25814.0
-20017.0
-24314.0
-20619.0
-20606.0
-27928.0
-18446.0
-21437.0
-24396.0
-25639.0
-19977.0
-22608.0
-22999.0
-19269.0
-16592.0
-20837.0
-17507.0
-28835.0
-21313.0
-18207.0
-49017.0
-18196.0
-21330.0
-19580.0
-15590.0
-88918.0
-32400.0
-26337.0
-59895.0
-18594.0
-24975.0
-23503.0
-19049.0
-65343.0
-28336.0
-39556.0
-28814.0
-24195.0
-43876.0
-160094.0
