46.672407407407405
51.016851851851854
52.04296296296296
38.67425925925926
37.21703703703704
22.38962962962963
33.151666666666664
29.183333333333334
27.947407407407407
24.47074074074074
16.25759259259259
18.469074074074076
24.793703703703702
15.577592592592593
17.708333333333332
20.575
21.1
22.385
9.792037037037037
18.190185185185186
17.30203703703704
25.837222222222223
36.10537037037037
18.163703703703703
15.293888888888889
14.645740740740742
18.79851851851852
11.124444444444444
13.372962962962964
17.997777777777777
14.608148148148148
18.460555555555555
9.768148148148148
13.142407407407408
11.075
19.40962962962963
10.862592592592593
10.15611111111111
17.82814814814815
23.28814814814815
8.122407407407408
8.897407407407407
13.687222222222223
13.335
8.39462962962963
9.874814814814815
12.252037037037036
13.893888888888888
13.428333333333333
10.375185185185185
8.723333333333333
13.276666666666667
12.159074074074073
13.179074074074075
20.276851851851852
9.353703703703705
23.644814814814815
12.808333333333334
8.043148148148148
8.524814814814814
14.639814814814814
8.917962962962964
11.749629629629629
8.32462962962963
9.64962962962963
12.182037037037038
9.587592592592593
9.946296296296296
10.131851851851852
11.517222222222221
9.296481481481482
10.669074074074073
11.483518518518519
10.028333333333334
7.627407407407407
8.870740740740741
7.478518518518518
12.786111111111111
9.062037037037037
8.467777777777778
20.74037037037037
8.575740740740741
9.023333333333333
9.475
8.034814814814816
27.02314814814815
16.721666666666668
10.736296296296297
19.677592592592593
8.550185185185185
10.888333333333334
8.814444444444444
8.878148148148147
24.25314814814815
10.475185185185186
13.892222222222221
10.427407407407408
10.274074074074074
21.136296296296297
41.081296296296294
