252031
275491
281032
208841
200972
120904
179019
157590
150916
132142
87791
99733
133886
84119
95625
111105
113940
120879
52877
98227
93431
139521
194969
98084
82587
79087
101512
60072
72214
97188
78884
99687
52748
70969
59805
104812
58658
54843
96272
125756
43861
48046
73911
72009
45331
53324
66161
75027
72513
56026
47106
71694
65659
71167
109495
50510
127682
69165
43433
46034
79055
48157
63448
44953
52108
65783
51773
53710
54712
62193
50201
57613
62011
54153
41188
47902
40384
69045
48935
45726
111998
46309
48726
51165
43388
145925
90297
57976
106259
46171
58797
47598
47942
130967
56566
75018
56308
55480
114136
221839
