380267
385226
383910
410672
378976
331910
371548
368348
385295
400658
317155
356811
308197
319487
312910
309482
342523
346410
297879
299191
359351
336823
435065
318410
290482
324525
338715
291898
320488
364282
324217
341687
368657
307980
309069
384766
267722
327074
286195
375820
235719
297395
263718
280234
270368
303559
270142
296838
366570
281571
261553
275840
289997
250783
334294
303231
358081
297459
249066
239373
292781
255175
289326
278073
267471
287734
299807
239036
190117
310767
239360
257894
265570
257059
213924
218198
253651
244650
208962
211470
285187
297267
212398
252577
217759
266430
289205
241155
203140
188408
243409
269810
179357
308847
195824
212931
218604
224175
247262
236580
