190.1335
192.613
191.955
205.336
189.488
165.955
185.774
184.174
192.6475
200.329
158.5775
178.4055
154.0985
159.7435
156.455
154.741
171.2615
173.205
148.9395
149.5955
179.6755
168.4115
217.5325
159.205
145.241
162.2625
169.3575
145.949
160.244
182.141
162.1085
170.8435
184.3285
153.99
154.5345
192.383
133.861
163.537
143.0975
187.91
117.8595
148.6975
131.859
140.117
135.184
151.7795
135.071
148.419
183.285
140.7855
130.7765
137.92
144.9985
125.3915
167.147
151.6155
179.0405
148.7295
124.533
119.6865
146.3905
127.5875
144.663
139.0365
133.7355
143.867
149.9035
119.518
95.0585
155.3835
119.68
128.947
132.785
128.5295
106.962
109.099
126.8255
122.325
104.481
105.735
142.5935
148.6335
106.199
126.2885
108.8795
133.215
144.6025
120.5775
101.57
94.204
121.7045
134.905
89.6785
154.4235
97.912
106.4655
109.302
112.0875
123.631
118.29
