-286030.0
-275292.0
-274852.0
-288084.0
-261994.0
-216088.0
-251974.0
-239569.0
-272419.0
-280019.0
-179614.0
-211866.0
-183513.0
-187205.0
-189039.0
-185192.0
-216804.0
-180061.0
-154841.0
-192706.0
-202348.0
-193577.0
-290992.0
-181092.0
-177151.0
-179872.0
-210207.0
-166536.0
-193987.0
-239305.0
-187490.0
-225163.0
-238999.0
-190289.0
-166600.0
-239104.0
-139678.0
-200663.0
-156328.0
-190058.0
-127505.0
-167784.0
-140877.0
-165744.0
-139889.0
-150911.0
-143178.0
-155422.0
-224369.0
-132821.0
-126671.0
-152079.0
-160847.0
-123565.0
-167003.0
-166005.0
-185130.0
-160158.0
-126223.0
-109878.0
-145924.0
-123718.0
-135093.0
-150609.0
-131802.0
-138828.0
-142137.0
-116047.0
-87979.0
-171458.0
-101165.0
-116715.0
-135956.0
-121754.0
-99490.0
-95325.0
-136078.0
-112118.0
-88687.0
-105534.0
-135399.0
-148470.0
-97774.0
-118995.0
-98689.0
-144142.0
-134307.0
-115218.0
-90835.0
-84266.0
-107128.0
-134634.0
-75297.0
-141092.0
-90750.0
-101542.0
-91654.0
-99860.0
-107905.0
-105548.0
