-4315.0
-6531.0
-6810.0
-7374.0
-4462.0
-7385.0
-5554.0
-5552.0
-7748.0
-6392.0
-5248.0
-5830.0
-4240.0
-5522.0
-7539.0
-4561.0
-4558.0
-7064.0
-6231.0
-5890.0
-5676.0
-4476.0
-6716.0
-6132.0
-5244.0
-7666.0
-9330.0
-5274.0
-5110.0
-4950.0
-7616.0
-7207.0
-5371.0
-5202.0
-5538.0
-5064.0
-20720.0
-4307.0
-5351.0
-5281.0
-4946.0
-4856.0
-4260.0
-4640.0
-13288.0
-4739.0
-4080.0
-8925.0
-5572.0
-6300.0
-7537.0
-4516.0
-4451.0
-6023.0
-4997.0
-4095.0
-6025.0
-4656.0
-7815.0
-6121.0
-6036.0
-7125.0
-4502.0
-4765.0
-4988.0
-5513.0
-6744.0
-4911.0
-11529.0
-4922.0
-7262.0
-10633.0
-8693.0
-16873.0
-5658.0
-4636.0
-15222.0
-7940.0
-6392.0
-52463.0
-11999.0
-7468.0
-6596.0
-4728.0
-7757.0
-7246.0
-5212.0
-7106.0
-8269.0
-25695.0
-121996.0
-77676.0
-158259.0
-22656.0
-227823.0
-18445.0
-8577.0
-208583.0
-316418.0
-17101.0
