6400
9126
9495
10177
6555
10421
8253
8317
10195
9096
7722
8101
6397
8174
10932
7164
6553
9505
8597
8370
8318
6316
8890
8709
7499
10570
12526
7368
7490
7351
10272
9912
7826
7122
7521
7203
24990
6336
7702
7575
7322
7099
6323
6851
17091
6984
6039
11509
7791
8904
10156
6909
6571
8500
7436
6152
8424
6837
10280
8273
9186
10015
6527
6731
7361
7970
9082
7153
13826
7014
10028
13249
11871
21572
8197
6979
18100
10808
8740
62253
15827
10163
9186
7004
10146
10137
7532
9882
10891
30269
129225
83516
168495
27273
239577
22430
10759
228025
337336
20632
