1.28
1.8252
1.899
2.0354
1.311
2.0842
1.6506
1.6634
2.039
1.8192
1.5444
1.6202
1.2794
1.6348
2.1864
1.4328
1.3106
1.901
1.7194
1.674
1.6636
1.2632
1.778
1.7418
1.4998
2.114
2.5052
1.4736
1.498
1.4702
2.0544
1.9824
1.5652
1.4244
1.5042
1.4406
4.998
1.2672
1.5404
1.515
1.4644
1.4198
1.2646
1.3702
3.4182
1.3968
1.2078
2.3018
1.5582
1.7808
2.0312
1.3818
1.3142
1.7
1.4872
1.2304
1.6848
1.3674
2.056
1.6546
1.8372
2.003
1.3054
1.3462
1.4722
1.594
1.8164
1.4306
2.7652
1.4028
2.0056
2.6498
2.3742
4.3144
1.6394
1.3958
3.62
2.1616
1.748
12.4506
3.1654
2.0326
1.8372
1.4008
2.0292
2.0274
1.5064
1.9764
2.1782
6.0538
25.845
16.7032
33.699
5.4546
47.9154
4.486
2.1518
45.605
67.4672
4.1264
