254697
321581
201035
245833
178397
99274
255603
194738
203370
184702
175829
165619
87635
142874
146187
123462
112276
102226
65511
140901
164582
111970
219481
103025
75011
87097
100523
72866
53413
46765
61131
61398
108927
52285
67271
105321
98733
98218
111818
92978
51591
46810
59152
47621
54828
64631
38097
43963
62642
60958
45349
55747
55672
62052
99973
54476
97541
63234
40515
48654
79056
55256
40167
40330
39704
46542
34296
36923
34063
57998
36649
34973
34109
39373
28440
38156
29719
35673
33885
37721
54508
40104
27765
33261
30624
64225
57874
39260
29917
26615
48976
32684
33746
69312
26804
31694
29813
29468
78428
31820
