-153564.0
-204337.0
-113562.0
-136797.0
-96679.0
-45339.0
-162127.0
-110993.0
-119105.0
-109380.0
-91857.0
-89032.0
-40598.0
-69036.0
-77047.0
-61021.0
-53884.0
-55281.0
-29681.0
-72235.0
-91935.0
-45647.0
-117361.0
-52382.0
-36476.0
-28426.0
-40451.0
-30539.0
-19997.0
-16195.0
-24006.0
-25131.0
-56037.0
-20326.0
-28785.0
-40111.0
-38955.0
-44873.0
-50159.0
-38340.0
-19920.0
-19059.0
-24895.0
-16399.0
-19432.0
-28116.0
-14346.0
-16501.0
-19367.0
-19477.0
-18275.0
-20713.0
-19554.0
-20878.0
-34573.0
-19296.0
-30891.0
-18949.0
-14819.0
-16581.0
-24689.0
-18651.0
-14689.0
-16974.0
-12129.0
-16031.0
-15263.0
-12303.0
-13004.0
-23895.0
-13192.0
-11617.0
-11862.0
-14313.0
-11452.0
-12595.0
-10191.0
-10949.0
-11865.0
-11061.0
-13982.0
-12143.0
-12127.0
-12150.0
-9849.0
-20565.0
-14408.0
-10764.0
-10636.0
-8319.0
-17078.0
-10649.0
-10176.0
-18883.0
-9400.0
-12408.0
-9230.0
-9809.0
-28301.0
-10099.0
