47.166111111111114
59.55203703703704
37.2287037037037
45.52462962962963
33.03648148148148
18.384074074074075
47.333888888888886
36.062592592592594
37.66111111111111
34.20407407407407
32.56092592592593
30.670185185185186
16.228703703703705
26.458148148148148
27.071666666666665
22.863333333333333
20.791851851851852
18.93074074074074
12.131666666666666
26.092777777777776
30.478148148148147
20.735185185185184
40.64462962962963
19.078703703703702
13.890925925925925
16.129074074074072
18.61537037037037
13.493703703703703
9.891296296296296
8.660185185185185
11.320555555555556
11.37
20.171666666666667
9.682407407407407
12.457592592592592
19.503888888888888
18.28388888888889
18.188518518518517
20.707037037037036
17.21814814814815
9.553888888888888
8.66851851851852
10.954074074074073
8.818703703703704
10.153333333333334
11.968703703703703
7.055
8.141296296296296
11.60037037037037
11.288518518518519
8.397962962962962
10.323518518518519
10.30962962962963
11.491111111111111
18.51351851851852
10.088148148148148
18.063148148148148
11.71
7.502777777777778
9.01
14.64
10.232592592592592
7.4383333333333335
7.468518518518518
7.352592592592592
8.61888888888889
6.351111111111111
6.837592592592593
6.3079629629629625
10.740370370370371
6.786851851851852
6.476481481481481
6.316481481481482
7.291296296296296
5.266666666666667
7.065925925925926
5.5035185185185185
6.606111111111111
6.275
6.9853703703703705
10.094074074074074
7.426666666666667
5.141666666666667
6.1594444444444445
5.671111111111111
11.893518518518519
10.717407407407407
7.270370370370371
5.5401851851851855
4.928703703703704
9.06962962962963
6.0525925925925925
6.249259259259259
12.835555555555555
4.963703703703704
5.869259259259259
5.520925925925926
5.457037037037037
14.523703703703704
5.892592592592592
