227153
160798
241490
198292
163974
171341
120113
175247
105250
174418
90009
163184
204816
125116
117558
115585
70648
105547
71801
98820
173206
86797
153742
82549
107467
88867
119819
58670
85779
61624
92099
54748
44525
110485
44677
113771
57966
67624
89359
144195
60737
60046
57379
50090
60273
62857
49892
47164
72696
53130
46584
50533
64718
69625
102125
39373
102832
53690
46126
48504
68777
61470
34633
40741
40367
35047
35944
35733
36560
46264
44013
33118
46117
41710
36518
38436
29194
36252
34543
25867
68753
46234
30635
25290
30621
57409
64245
28463
27872
28167
39408
33476
29627
61957
26955
25167
31229
28316
82178
24247
