-140921.0
-84633.0
-136419.0
-102082.0
-87283.0
-101621.0
-66555.0
-100349.0
-46849.0
-91609.0
-43109.0
-85719.0
-123195.0
-65687.0
-61840.0
-50568.0
-33768.0
-50732.0
-34671.0
-51910.0
-94360.0
-42801.0
-66096.0
-34581.0
-50397.0
-44542.0
-49916.0
-21020.0
-35153.0
-24955.0
-37251.0
-21818.0
-17240.0
-52679.0
-18883.0
-44737.0
-20872.0
-23334.0
-44625.0
-51262.0
-25923.0
-19391.0
-19790.0
-22135.0
-24189.0
-21510.0
-20046.0
-17273.0
-22848.0
-21793.0
-19634.0
-18846.0
-25353.0
-28507.0
-34222.0
-14048.0
-31097.0
-19833.0
-17752.0
-19575.0
-23963.0
-22350.0
-12026.0
-12732.0
-12707.0
-12277.0
-13744.0
-13329.0
-13554.0
-15499.0
-16283.0
-10607.0
-15536.0
-13719.0
-11849.0
-15126.0
-10461.0
-13227.0
-10777.0
-8913.0
-18150.0
-19477.0
-10999.0
-9118.0
-9551.0
-16132.0
-15542.0
-9509.0
-10253.0
-9528.0
-11930.0
-13749.0
-11193.0
-19019.0
-10341.0
-9187.0
-8597.0
-8763.0
-38166.0
-8539.0
