42.06537037037037
29.777407407407406
44.72037037037037
36.72074074074074
30.365555555555556
31.729814814814816
22.243148148148148
32.453148148148145
19.49074074074074
32.29962962962963
16.668333333333333
30.21925925925926
37.92888888888889
23.16962962962963
21.77
21.40462962962963
13.082962962962963
19.54574074074074
13.296481481481482
18.3
32.075185185185184
16.07351851851852
28.47074074074074
15.286851851851852
19.901296296296298
16.45685185185185
22.188703703703705
10.864814814814816
15.885
11.411851851851852
17.05537037037037
10.138518518518518
8.24537037037037
20.460185185185185
8.273518518518518
21.068703703703704
10.734444444444444
12.522962962962962
16.547962962962963
26.70277777777778
11.247592592592593
11.11962962962963
10.62574074074074
9.275925925925925
11.161666666666667
11.640185185185185
9.23925925925926
8.734074074074075
13.462222222222222
9.838888888888889
8.626666666666667
9.357962962962963
11.984814814814815
12.893518518518519
18.912037037037038
7.291296296296296
19.042962962962964
9.942592592592593
8.541851851851852
8.982222222222223
12.736481481481482
11.383333333333333
6.413518518518519
7.54462962962963
7.475370370370371
6.490185185185185
6.656296296296296
6.617222222222222
6.770370370370371
8.567407407407407
8.150555555555556
6.132962962962963
8.540185185185186
7.724074074074074
6.7625925925925925
7.1177777777777775
5.406296296296296
6.713333333333333
6.396851851851852
4.7901851851851855
12.732037037037037
8.561851851851852
5.673148148148148
4.683333333333334
5.670555555555556
10.631296296296297
11.897222222222222
5.270925925925926
5.161481481481482
5.216111111111111
7.297777777777778
6.199259259259259
5.486481481481482
11.47351851851852
4.991666666666666
4.660555555555556
5.783148148148148
5.243703703703703
15.218148148148147
4.490185185185185
