30.960555555555555
55.16981481481481
61.492777777777775
43.67888888888889
28.790925925925926
26.598518518518517
24.16037037037037
31.741296296296298
32.589814814814815
34.904074074074074
18.11925925925926
21.13074074074074
20.871111111111112
22.092222222222222
19.315
23.754074074074072
14.008703703703704
14.700740740740741
14.972962962962963
17.79925925925926
21.79111111111111
17.753703703703703
25.154814814814817
20.304259259259258
9.426851851851852
14.801851851851852
14.319074074074074
17.481296296296296
13.000555555555556
12.440740740740742
16.31685185185185
8.999444444444444
10.507962962962964
10.30037037037037
8.157592592592593
14.793703703703704
7.494074074074074
11.477962962962962
10.89
22.032777777777778
6.62
7.6738888888888885
9.34925925925926
8.02574074074074
7.602407407407408
8.247777777777777
7.110925925925926
8.362037037037037
11.889814814814814
12.517222222222221
7.092222222222222
6.580925925925926
9.847962962962963
7.83074074074074
20.26351851851852
6.9127777777777775
16.51351851851852
6.876666666666667
9.088148148148148
5.888148148148148
12.027407407407408
8.046851851851851
6.174444444444444
6.509074074074074
7.020925925925926
6.264444444444444
5.622962962962963
6.966851851851852
4.846666666666667
7.508703703703704
6.41
5.891481481481481
5.187407407407408
6.148888888888889
4.45925925925926
5.461666666666667
6.069259259259259
5.02
5.769814814814815
5.705
9.841666666666667
5.823703703703703
4.360925925925926
5.34
5.2588888888888885
13.018888888888888
12.48037037037037
5.512407407407407
4.778148148148148
4.1524074074074075
5.694814814814815
5.432407407407408
4.191296296296296
8.916296296296297
5.027037037037037
5.676666666666667
4.810555555555555
4.951296296296296
10.42851851851852
4.57462962962963
