167187
297917
332061
235866
155471
143632
130466
171403
175985
188482
97844
114106
112704
119298
104301
128272
75647
79384
80854
96116
117672
95870
135836
109643
50905
79930
77323
94399
70203
67180
88111
48597
56743
55622
44051
79886
40468
61981
58806
118977
35748
41439
50486
43339
41053
44538
38399
45155
64205
67593
38298
35537
53179
42286
109423
37329
89173
37134
49076
31796
64948
43453
33342
35149
37913
33828
30364
37621
26172
40547
34614
31814
28012
33204
24080
29493
32774
27108
31157
30807
53145
31448
23549
28836
28398
70302
67394
29767
25802
22423
30752
29335
22633
48148
27146
30654
25977
26737
56314
24703
