-93228.0
-189324.0
-211547.0
-137697.0
-87806.0
-75744.0
-68477.0
-89964.0
-88600.0
-98186.0
-43082.0
-55767.0
-63056.0
-66443.0
-53453.0
-57296.0
-30532.0
-31673.0
-35972.0
-44742.0
-50993.0
-43280.0
-56058.0
-51447.0
-23028.0
-32189.0
-33357.0
-40105.0
-29557.0
-28470.0
-34866.0
-17880.0
-21105.0
-20056.0
-14215.0
-24192.0
-14945.0
-19867.0
-17366.0
-42787.0
-11886.0
-15138.0
-16555.0
-13417.0
-14328.0
-16015.0
-13817.0
-16430.0
-23789.0
-23119.0
-12486.0
-13690.0
-18583.0
-12688.0
-37200.0
-12922.0
-24967.0
-9817.0
-16501.0
-11294.0
-17639.0
-13294.0
-11414.0
-12197.0
-11662.0
-9321.0
-8300.0
-10860.0
-9554.0
-14590.0
-10942.0
-11499.0
-9042.0
-9889.0
-8086.0
-9667.0
-10598.0
-8363.0
-10043.0
-8154.0
-13769.0
-9437.0
-8889.0
-8024.0
-8614.0
-16464.0
-14028.0
-8697.0
-7800.0
-7013.0
-8132.0
-7681.0
-6918.0
-12666.0
-7742.0
-10584.0
-7240.0
-8629.0
-14324.0
-8083.0
